     1.12998     0.289175     0.332164     0.311885     0.281102     0.302981     0.329701     0.295317     0.318558     0.294705     0.285696     0.305642     0.311742     0.296391     0.303052   -0.0788892   -0.0659825   -0.0727683   -0.0662565   -0.0603659   -0.0586591   -0.0735774   -0.0654423   -0.0585491    -0.079559   -0.0888978    -0.104498   -0.0938189    -0.102783   -0.0957764    -0.096788    -0.087254     -0.10089   -0.0993894   -0.0871932   -0.0978546   -0.0813039  -0.00768588    -0.097048   -0.0120955   -0.0785701   -0.0828129   -0.0960169   -0.0764762 -0.000590968    0.0105927   0.00295562  -0.00788704  -0.00783723  -0.00566026    0.0156865  -0.00923748  -0.00381201    0.0111917   -0.0943733   -0.0898675   -0.0827485    -0.078399   -0.0217141   -0.0253496   0.00317684   -0.0114176   -0.0912041   -0.0835114   -0.0963901   -0.0781161   -0.0975733   -0.0898115   -0.0929107   -0.0956133   -0.0987001    -0.088101   -0.0867611   -0.0861664   -0.0893315   -0.0746583   -0.0774351   -0.0678507   -0.0725512   -0.0842499   -0.0783027   -0.0785154   -0.0534075   -0.0648741   -0.0543385    -0.068281   -0.0564134   -0.0640914   -0.0499821   -0.0560978   -0.0511184   -0.0638614    -0.047811   -0.0419477   -0.0573648   -0.0587963   -0.0594652   -0.0569385
    0.289175      1.15166     0.323644     0.278044     0.325203     0.314827     0.299291     0.330206     0.283153     0.325277     0.325933     0.331139     0.279019     0.323837     0.325133   -0.0477027   -0.0717765   -0.0562514   -0.0724697   -0.0896175   -0.0818418   -0.0578266    -0.072335   -0.0837273   -0.0446803   -0.0763298   -0.0733564   -0.0801897   -0.0675277   -0.0810024    -0.080776   -0.0964757   -0.0917655     -0.08572    -0.117277   -0.0825833    -0.104655   -0.0175021   -0.0874342  -0.00994915   -0.0884847    -0.108887   -0.0825591    -0.102948  -0.00900844    -0.018212   0.00109201   0.00529612   0.00380343   -0.0149828   -0.0344882    0.0107593   -0.0166166   -0.0152453   -0.0816769   -0.0767443    -0.107539    -0.103556  -0.00704812   -0.0070422   -0.0465657   -0.0207339     -0.10554    -0.115212   -0.0831461    -0.105369    -0.081415   -0.0991199   -0.0782833   -0.0823234   -0.0910691   -0.0974265   -0.0907093   -0.0898052   -0.0972109   -0.0577688   -0.0599031   -0.0768062    -0.056846   -0.0524734   -0.0687608   -0.0603362    -0.100266   -0.0676876    -0.100555   -0.0310165   -0.0672726   -0.0516296   -0.0608313   -0.0407125   -0.0568506   -0.0533973   -0.0556151    -0.068142   -0.0438876   -0.0632872   -0.0673856   -0.0448695
    0.332164     0.323644      1.14717     0.287518      0.28348     0.317233     0.341501     0.382702     0.269985     0.302715     0.285945     0.334524     0.288969      0.28677     0.330493   -0.0657953   -0.0728963   -0.0565266   -0.0738115   -0.0889409    -0.063187   -0.0587864   -0.0740745   -0.0658614   -0.0655955   -0.0715379   -0.0874121   -0.0773122   -0.0871551   -0.0789208   -0.0817198   -0.0921433    -0.107393   -0.0818245    -0.115149   -0.0837882   -0.0853399   -0.0156177    -0.105924   -0.0097819   -0.0857166   -0.0876031   -0.0801953   -0.0856113  -0.00413088   0.00403119    0.0198319    -0.016578   -0.0153541   -0.0390831   -0.0160833   0.00920187   -0.0352903   0.00305547   -0.0777659   -0.0771409   -0.0874251   -0.0832918  -0.00842275  -0.00715077   -0.0303362   -0.0216985    -0.121706    -0.112541   -0.0793544   -0.0867207   -0.0797245   -0.0956423    -0.081167    -0.079461    -0.106271   -0.0962927   -0.0702931   -0.0687863   -0.0936271   -0.0576257   -0.0593987   -0.0776524   -0.0585404   -0.0685852   -0.0847615   -0.0606569   -0.0824512   -0.0511002   -0.0849673   -0.0496858   -0.0835125   -0.0728592   -0.0798729   -0.0413046   -0.0581735   -0.0738601   -0.0582755   -0.0495735   -0.0667551   -0.0605004   -0.0663977   -0.0678975
    0.311885     0.278044     0.287518      1.13941     0.262928     0.287904     0.295381     0.281687     0.304873     0.270177     0.287426     0.299265      1.05041     0.287288     0.281634   -0.0862677   -0.0697707   -0.0775954   -0.0704803   -0.0639046     -0.06522   -0.0764261   -0.0764031    -0.061662   -0.0894087   -0.0942158    -0.109495   -0.0978083    -0.103534    -0.098773    -0.103656   -0.0930169    -0.105291     -0.10583   -0.0918105    -0.106071   -0.0825413   -0.0162658    -0.103662   -0.0127046    -0.081957   -0.0868129    -0.100358   -0.0823709  -0.00874264 -0.000641553   -0.0067459    -0.016911   -0.0194063    -0.014016    0.0046078   -0.0159825  -0.00964006 -0.000717832    -0.101024   -0.0987061   -0.0870076   -0.0847143   -0.0327351   -0.0319568   -0.0103178   -0.0214437   -0.0949922   -0.0895176    -0.101227   -0.0883924   -0.0997284   -0.0921334    -0.101717    -0.102373    -0.102737   -0.0960446   -0.0938047   -0.0924826   -0.0913233   -0.0817945   -0.0816493   -0.0775506   -0.0820553   -0.0924727   -0.0816593   -0.0818794   -0.0591702   -0.0725157    -0.061772   -0.0691481   -0.0614713   -0.0708708   -0.0568439   -0.0641357   -0.0555297   -0.0753529   -0.0548777   -0.0489254   -0.0636985   -0.0637288   -0.0681511    -0.063263
    0.281102     0.325203      0.28348     0.262928       1.1379     0.284055     0.270879     0.308295     0.301361      0.30815      1.04741     0.305956     0.254659     0.323193     0.294808   -0.0696691   -0.0718231   -0.0793151   -0.0732334   -0.0654819   -0.0821391   -0.0831984   -0.0725618   -0.0836047   -0.0704659   -0.0990339    -0.092695    -0.100833   -0.0912311    -0.103246    -0.105937   -0.0943966   -0.0899654     -0.10771    -0.094273    -0.107408    -0.105096   -0.0156544   -0.0865428   -0.0133617   -0.0834975    -0.106382    -0.104234    -0.101438   -0.0102014   -0.0208944   -0.0255312 -6.16581e-05 -0.000938569   0.00413946   -0.0119312   -0.0188735   0.00371084   -0.0223748    -0.101975   -0.0988635      -0.1062     -0.10269   -0.0333788   -0.0331715   -0.0247736   -0.0205895    -0.080106   -0.0904433    -0.105824    -0.101622    -0.104092   -0.0972424    -0.100825    -0.105001    -0.089479   -0.0966751     -0.11237    -0.112205   -0.0959148   -0.0817165    -0.083096   -0.0761191    -0.078757   -0.0731017   -0.0666081   -0.0828839   -0.0760958   -0.0907211   -0.0757661   -0.0556009   -0.0460673    -0.054999   -0.0398087   -0.0647018   -0.0544488   -0.0549615    -0.053607   -0.0682459   -0.0480698   -0.0643377   -0.0666772   -0.0468889
    0.302981     0.314827     0.317233     0.287904     0.284055      1.15269     0.307638     0.362251     0.284055     0.333762     0.286855     0.331939     0.291093     0.307054     0.325574   -0.0567272   -0.0708598   -0.0544468   -0.0744949   -0.0896597   -0.0706999   -0.0543179   -0.0758125   -0.0695496   -0.0589184   -0.0713358   -0.0787246   -0.0764979   -0.0766493    -0.080089   -0.0835817   -0.0947575   -0.0982059   -0.0832326    -0.114142   -0.0835211    -0.092511   -0.0144154   -0.0973469  -0.00959578   -0.0859575   -0.0955125    -0.081096   -0.0932188   -0.0085161   -0.0112942    0.0104563  -0.00827004  -0.00787396    -0.029408   -0.0271447   0.00807812   -0.0249052  -0.00686925     -0.07971    -0.077376   -0.0971354   -0.0938744  -0.00830745  -0.00626229   -0.0393877   -0.0183424    -0.111994    -0.113787   -0.0795827    -0.096388   -0.0795559     -0.09422   -0.0819087   -0.0793201   -0.0958222   -0.0959857    -0.079261   -0.0792331   -0.0961575   -0.0594185   -0.0605697   -0.0778139   -0.0608321     -0.06225     -0.07501   -0.0588459   -0.0933157   -0.0594856   -0.0916021   -0.0379791   -0.0758763   -0.0624391   -0.0700961   -0.0413375   -0.0563478   -0.0652126   -0.0567874    -0.058105   -0.0570063   -0.0601079   -0.0659386   -0.0558386
    0.329701     0.299291     0.341501     0.295381     0.270879     0.307638      1.19338     0.325744     0.278504     0.294254     0.274886     0.331974     0.298122     0.278942     0.331025   -0.0662836   -0.0725273    -0.055507   -0.0711458   -0.0883734   -0.0623706   -0.0577792   -0.0741131   -0.0629968   -0.0660979   -0.0709794   -0.0868951   -0.0764356   -0.0882329   -0.0798885   -0.0804694   -0.0928131    -0.107118   -0.0831422    -0.115715   -0.0835044   -0.0842824   -0.0152931    -0.105667   -0.0100969   -0.0836897    -0.087163   -0.0648048    -0.086034  -0.00590817   0.00551971    0.0242871   -0.0163638   -0.0166913   -0.0397605   -0.0159513   0.00889572   -0.0332934   0.00585855   -0.0792388   -0.0772825   -0.0859316   -0.0677822  -0.00778883  -0.00453734   -0.0295135   -0.0192165    -0.122708    -0.113319   -0.0807547   -0.0867154   -0.0802119   -0.0959962   -0.0811605   -0.0790705   -0.0901437    -0.095117   -0.0683927   -0.0689247   -0.0945168    -0.056148   -0.0588108   -0.0762441   -0.0576673   -0.0688252   -0.0854949   -0.0595797   -0.0829025   -0.0485733   -0.0844221   -0.0507764   -0.0845503   -0.0715695   -0.0807133   -0.0403395   -0.0592063   -0.0730622   -0.0553073   -0.0478359   -0.0680165   -0.0601538   -0.0663915   -0.0692378
    0.295317     0.330206     0.382702     0.281687     0.308295     0.362251     0.325744      1.13946      0.28804      0.32456      0.31034     0.326984      0.28316     0.291179     0.342968   -0.0574942   -0.0726842   -0.0581389   -0.0733489   -0.0891583   -0.0712374   -0.0581408   -0.0752031   -0.0745061   -0.0586338   -0.0720046   -0.0798323   -0.0785254   -0.0800948   -0.0788857    -0.082139   -0.0949692    -0.100809   -0.0851916    -0.115449   -0.0843202   -0.0949163   -0.0179785    -0.099204  -0.00983684   -0.0881352   -0.0974719   -0.0808699   -0.0959294  -0.00928498  -0.00834854   0.00807472   -0.0105528  -0.00972224   -0.0294639   -0.0264746   0.00650491   -0.0248345  -0.00676189   -0.0805326   -0.0787645   -0.0962834   -0.0950087  -0.00947685  -0.00581767   -0.0421271    -0.020662    -0.116137    -0.114905   -0.0808024   -0.0970509   -0.0812769   -0.0979435   -0.0820988   -0.0823055   -0.0975926   -0.0971945   -0.0795453   -0.0792353   -0.0964139   -0.0575333    -0.060233   -0.0772521   -0.0594206   -0.0621857   -0.0775008   -0.0598781   -0.0922737   -0.0613153   -0.0944574   -0.0427635   -0.0768559   -0.0651432   -0.0733495   -0.0453824   -0.0584146   -0.0665821   -0.0600835   -0.0607408   -0.0597559   -0.0631364   -0.0686848    -0.061373
    0.318558     0.283153     0.269985     0.304873     0.301361     0.284055     0.278504      0.28804      1.17219      0.37988     0.309246       0.2937     0.315903     0.319763     0.275792   -0.0887958    -0.061073   -0.0902538   -0.0613391   -0.0334026   -0.0626581   -0.0888216   -0.0592342    -0.061503   -0.0895871    -0.106211    -0.111562    -0.109914    -0.109117    -0.109957    -0.112724   -0.0842659   -0.0868813    -0.117238    -0.060691    -0.113649   -0.0845665  -0.00397759   -0.0823146   -0.0143311   -0.0725359   -0.0858314     -0.09853   -0.0828562   0.00208497   0.00444622   -0.0224812   0.00610136   0.00564643    0.0334475    0.0328464   -0.0239719    0.0313619   0.00628192    -0.110804    -0.107286    -0.085584   -0.0682349   -0.0411454   -0.0432649    0.0183106  -0.00907056   -0.0569913   -0.0575052    -0.114692   -0.0836526    -0.112762   -0.0863906    -0.110707    -0.114689   -0.0708793    -0.083135    -0.112398    -0.111906   -0.0839296   -0.0904918   -0.0920078   -0.0634697   -0.0891219   -0.0915981   -0.0642843   -0.0931253   -0.0351996   -0.0897839   -0.0348307    -0.073519   -0.0216157   -0.0492464   -0.0174491   -0.0733749   -0.0461644   -0.0522819   -0.0435998   -0.0485875   -0.0450933   -0.0517032   -0.0546898   -0.0420771
    0.294705     0.325277     0.302715     0.270177      0.30815     0.333762     0.294254      0.32456      0.37988      1.12822     0.319073      0.30764     0.297743     0.329859     0.310875   -0.0660001   -0.0667093   -0.0737159   -0.0681886   -0.0599528   -0.0760089    -0.074314   -0.0683466   -0.0759193   -0.0667839   -0.0909389   -0.0880486   -0.0950284   -0.0879762    -0.096857     -0.10027   -0.0887709    -0.085916    -0.101753   -0.0875998      -0.1024   -0.0982119   -0.0100128   -0.0815541    -0.012678   -0.0799003    -0.101167   -0.0973944   -0.0982163 -0.000798985  -0.00947148   -0.0162105   0.00936296     0.010918    0.0105329  -0.00489067  -0.00704215    0.0158869  -0.00747154   -0.0971453   -0.0937756    -0.100816   -0.0965289   -0.0252076   -0.0218937   -0.0186691   -0.0117837   -0.0777143   -0.0868371   -0.0993556   -0.0996725   -0.0971698   -0.0921328   -0.0999968   -0.0987641   -0.0820572   -0.0928166    -0.104923    -0.104847    -0.088896   -0.0762671   -0.0789172   -0.0727491   -0.0749107   -0.0701388   -0.0633268   -0.0776504   -0.0735865   -0.0855626   -0.0753964   -0.0515549   -0.0397999   -0.0497479   -0.0358839   -0.0614835   -0.0542954   -0.0521647   -0.0518578   -0.0633384   -0.0457627    -0.057478   -0.0631179   -0.0439682
    0.285696     0.325933     0.285945     0.287426      1.04741     0.286855     0.274886      0.31034     0.309246     0.319073      1.12244      0.31046     0.279961     0.324776     0.297448    -0.071309    -0.072699   -0.0805884   -0.0746546   -0.0660559    -0.082464    -0.084038   -0.0731391   -0.0834749   -0.0719035   -0.0997939   -0.0946765    -0.102343   -0.0927244    -0.103992    -0.106659   -0.0958646   -0.0922565    -0.108753    -0.095737    -0.108067    -0.105463   -0.0160002   -0.0880702   -0.0133574   -0.0841216    -0.106379    -0.105034    -0.101592   -0.0111565   -0.0211415    -0.026172  -0.00164732  -0.00206563   0.00273585   -0.0113848   -0.0193029   0.00232548   -0.0220017    -0.102427    -0.099081    -0.106345    -0.102559   -0.0345115   -0.0340565   -0.0243477   -0.0207617   -0.0815155   -0.0910796    -0.106588    -0.101969    -0.104655   -0.0982456    -0.101862    -0.106123   -0.0908006   -0.0972948    -0.112549    -0.112017   -0.0968338   -0.0821225   -0.0833758   -0.0764929   -0.0794525   -0.0741673   -0.0681149   -0.0835523   -0.0753178   -0.0906066   -0.0758583   -0.0573048   -0.0482775   -0.0568207   -0.0416782   -0.0646375   -0.0552821   -0.0573193   -0.0540424   -0.0674951   -0.0495989   -0.0656399   -0.0680753   -0.0482901
    0.305642     0.331139     0.334524     0.299265     0.305956     0.331939     0.331974     0.326984       0.2937      0.30764      0.31046      1.12728     0.303113     0.301468     0.354144   -0.0582498   -0.0732536   -0.0568173   -0.0743419   -0.0871665   -0.0740455   -0.0580873   -0.0753225   -0.0722042   -0.0588002   -0.0742227   -0.0787478    -0.076504   -0.0803143   -0.0815208   -0.0842199   -0.0959045    -0.100286   -0.0855626    -0.116232   -0.0868934   -0.0952756   -0.0145724   -0.0979417   -0.0105009   -0.0869572   -0.0987057   -0.0811679   -0.0954628  -0.00697378  -0.00413649    0.0123574  -0.00735869  -0.00872513   -0.0265426   -0.0239069    0.0116988    -0.023133  -0.00409534   -0.0808642   -0.0781813   -0.0988618   -0.0941865  -0.00635565  -0.00619631   -0.0388908   -0.0199872    -0.115313    -0.115355   -0.0827491   -0.0986265   -0.0815199   -0.0986797   -0.0841809   -0.0815965   -0.0988344   -0.0989419   -0.0803431   -0.0796209   -0.0971764   -0.0605943   -0.0610123   -0.0772345   -0.0592421   -0.0620539   -0.0774644   -0.0607673   -0.0938522   -0.0599599   -0.0944926   -0.0395881   -0.0746376   -0.0626759    -0.071228   -0.0413896   -0.0587402   -0.0656208   -0.0582234   -0.0588818   -0.0584188   -0.0625073   -0.0683841   -0.0590352
    0.311742     0.279019     0.288969      1.05041     0.254659     0.291093     0.298122      0.28316     0.315903     0.297743     0.279961     0.303113      1.13876     0.289583     0.283481   -0.0861249   -0.0702743   -0.0780756   -0.0711821   -0.0642411   -0.0659238   -0.0770239   -0.0764523   -0.0629327   -0.0892384   -0.0948285    -0.109769   -0.0986228    -0.103879    -0.099482    -0.104197   -0.0937374    -0.105145    -0.106466   -0.0921488    -0.106886   -0.0840921   -0.0167817    -0.103471   -0.0128637   -0.0825394   -0.0882351     -0.10075   -0.0840787  -0.00849657  -0.00106261  -0.00693593   -0.0165483   -0.0183946   -0.0130964    0.0045987   -0.0166048  -0.00818656 -0.000648457    -0.102044   -0.0994996   -0.0884927   -0.0859333   -0.0333443   -0.0321224   -0.0106129   -0.0215294   -0.0949254   -0.0900714    -0.101632   -0.0901144    -0.100661   -0.0922419    -0.102417    -0.102975    -0.102537   -0.0971229   -0.0950644   -0.0939337     -0.09165   -0.0818074    -0.082301   -0.0777842   -0.0825643    -0.092259   -0.0822335   -0.0821463   -0.0607437   -0.0739097   -0.0626105   -0.0691868   -0.0607409    -0.070455   -0.0568193    -0.063889   -0.0555557    -0.075091   -0.0549746   -0.0491666   -0.0632606   -0.0641983   -0.0686563   -0.0631498
    0.296391     0.323837      0.28677     0.287288     0.323193     0.307054     0.278942     0.291179     0.319763     0.329859     0.324776     0.301468     0.289583      1.14169     0.296764    -0.063417   -0.0658015    -0.074369    -0.067328   -0.0579033   -0.0737782   -0.0740967   -0.0664143   -0.0756835    -0.063917   -0.0891972   -0.0852547   -0.0930411   -0.0837031   -0.0966679   -0.0974242   -0.0867429   -0.0831232   -0.0995437   -0.0855633    -0.100958   -0.0968384  -0.00870488   -0.0809822    -0.012176   -0.0795279   -0.0985698   -0.0991116   -0.0981598 -0.000543021   -0.0107918   -0.0141566   0.00928494    0.0109587    0.0123823  -0.00577382  -0.00662467    0.0164234   -0.0103821   -0.0949849    -0.092697   -0.0987796   -0.0960197   -0.0242936   -0.0228949   -0.0182271   -0.0119691   -0.0750231   -0.0838119   -0.0964616    -0.098843   -0.0971374   -0.0914949   -0.0989428   -0.0960874   -0.0805892   -0.0900936    -0.105015    -0.104471    -0.088124   -0.0734171   -0.0745308     -0.07191   -0.0748131   -0.0686359   -0.0605496   -0.0744386   -0.0744541   -0.0848258   -0.0724513   -0.0486682   -0.0378138   -0.0477552   -0.0316715   -0.0593977    -0.050596   -0.0486515   -0.0482798   -0.0633163   -0.0425603   -0.0551947   -0.0602796   -0.0427479
    0.303052     0.325133     0.330493     0.281634     0.294808     0.325574     0.331025     0.342968     0.275792     0.310875     0.297448     0.354144     0.283481     0.296764      1.14826   -0.0557041   -0.0716846   -0.0546045   -0.0719841   -0.0882074   -0.0710487   -0.0559643   -0.0728518   -0.0704593    -0.055466   -0.0720781    -0.077504   -0.0749826   -0.0758834   -0.0769012   -0.0794356   -0.0931847   -0.0968019   -0.0827559    -0.114021   -0.0827651   -0.0927918   -0.0148239   -0.0967683  -0.00972086   -0.0835879   -0.0943422   -0.0779539   -0.0922102  -0.00599906  -0.00885229    0.0126986  -0.00625401   -0.0100673    -0.028844   -0.0261335   0.00968169    -0.025533  -0.00660898   -0.0770828   -0.0739761   -0.0950057   -0.0915131  -0.00886577  -0.00835481   -0.0388768    -0.020164    -0.112346    -0.112005   -0.0790008   -0.0953037   -0.0778089   -0.0967259   -0.0806812   -0.0778505   -0.0951081   -0.0960042   -0.0765542   -0.0759764    -0.092746   -0.0574994   -0.0584481   -0.0774981   -0.0573608   -0.0611259   -0.0744592   -0.0582041   -0.0908344   -0.0578686   -0.0920633   -0.0391245   -0.0762579   -0.0608233    -0.070616   -0.0416544   -0.0570398   -0.0641639   -0.0566147   -0.0589709   -0.0560372   -0.0618668   -0.0666882   -0.0599329
  -0.0788892   -0.0477027   -0.0657953   -0.0862677   -0.0696691   -0.0567272   -0.0662836   -0.0574942   -0.0887958   -0.0660001    -0.071309   -0.0582498   -0.0861249    -0.063417   -0.0557041      1.06836     0.131097     0.152092     0.129699     0.117079     0.130841     0.151534     0.134517     0.126037      0.17037   -0.0613678   -0.0593013   -0.0672379   -0.0560529    -0.069574   -0.0718188   -0.0881462   -0.0797338   -0.0733641    -0.105937   -0.0737471   -0.0979914     -0.01765   -0.0745055  -0.00763469   -0.0771912   -0.0969941   -0.0717985   -0.0922254    -0.028971   -0.0384954   -0.0226934   -0.0194089   -0.0203566   -0.0336385   -0.0517742   -0.0105797   -0.0364011   -0.0389693    -0.071848   -0.0657461   -0.0977364   -0.0943894    -0.014942   -0.0196591   -0.0524588   -0.0314289    -0.092114    -0.103185   -0.0703165   -0.0930237   -0.0685283   -0.0862194   -0.0669625   -0.0696116   -0.0801154   -0.0846677   -0.0800875   -0.0794706   -0.0858307     0.141212     0.139263     0.123663     0.143576     0.155492     0.132283      0.13752    0.0864333     0.126765    0.0874505    0.0631795    0.0240832    0.0413417    0.0344039    0.0582008    0.0382996    0.0406358    0.0385715    0.0232616     0.050229    0.0268825    0.0239395    0.0526111
  -0.0659825   -0.0717765   -0.0728963   -0.0697707   -0.0718231   -0.0708598   -0.0725273   -0.0726842    -0.061073   -0.0667093    -0.072699   -0.0732536   -0.0702743   -0.0658015   -0.0716846     0.131097       1.0429     0.138629     0.141334     0.144523     0.143275     0.135308     0.142775     0.153317      0.12953   -0.0795004   -0.0826088   -0.0823618   -0.0835697   -0.0842727   -0.0898799   -0.0802392   -0.0834937   -0.0892894   -0.0787929   -0.0900746   -0.0782185   -0.0123054   -0.0811975   -0.0101294   -0.0706798   -0.0785102   -0.0841416   -0.0770241   -0.0239005   -0.0226758   -0.0291687   -0.0261925   -0.0218325   -0.0180229   -0.0170488   -0.0288972   -0.0167826   -0.0214409   -0.0851169   -0.0828041   -0.0800502   -0.0756629   -0.0322307    -0.032176   -0.0179905    -0.023277   -0.0696017   -0.0732326   -0.0847979   -0.0792619   -0.0837307   -0.0783842   -0.0863191    -0.087554   -0.0802452   -0.0808894   -0.0864733   -0.0843445   -0.0780395     0.116185     0.118779     0.127814     0.117857     0.119376     0.128481     0.124221     0.132079     0.125909     0.137957    0.0395954    0.0429134    0.0375916    0.0509994    0.0319308    0.0456458     0.032963    0.0399411    0.0426371    0.0437245    0.0374667     0.030897     0.049033
  -0.0727683   -0.0562514   -0.0565266   -0.0775954   -0.0793151   -0.0544468    -0.055507   -0.0581389   -0.0902538   -0.0737159   -0.0805884   -0.0568173   -0.0780756    -0.074369   -0.0546045     0.152092     0.138629      1.05484     0.133759     0.125952     0.145807     0.156877     0.134074     0.140633     0.165111    -0.063048   -0.0695003   -0.0670325   -0.0664186    -0.071098   -0.0744699   -0.0877778   -0.0881569   -0.0735032    -0.106132   -0.0765165   -0.0820407   -0.0183395    -0.086796  -0.00771286   -0.0775785   -0.0840432   -0.0715139   -0.0835489   -0.0295025   -0.0278256   -0.0120449   -0.0319804   -0.0305199   -0.0470457    -0.048043   -0.0152589   -0.0480859    -0.029313   -0.0690028   -0.0711625   -0.0892181   -0.0823437   -0.0208049    -0.019973   -0.0476574    -0.030579    -0.100112    -0.101982   -0.0679678   -0.0857776   -0.0679726   -0.0836803   -0.0686613   -0.0702889   -0.0867121   -0.0873346   -0.0691383   -0.0681031   -0.0874007     0.137561     0.137197      0.12152     0.133954     0.138926     0.124072     0.141992    0.0992995     0.139887    0.0980585    0.0593947    0.0158179    0.0312544    0.0163011    0.0536642    0.0431484    0.0247058    0.0397729    0.0407932     0.041118    0.0318335    0.0256586    0.0405805
  -0.0662565   -0.0724697   -0.0738115   -0.0704803   -0.0732334   -0.0744949   -0.0711458   -0.0733489   -0.0613391   -0.0681886   -0.0746546   -0.0743419   -0.0711821    -0.067328   -0.0719841     0.129699     0.141334     0.133759      1.09101     0.153903     0.145966     0.145919     0.145944     0.141397     0.196455   -0.0795155   -0.0833597   -0.0852198   -0.0835389   -0.0850474   -0.0886958   -0.0803546   -0.0839041   -0.0897423   -0.0763635    -0.090708   -0.0820622   -0.0136321    -0.079511   -0.0101468   -0.0699136   -0.0804171   -0.0854344   -0.0786931   -0.0208555   -0.0234285   -0.0286235   -0.0255921   -0.0242393   -0.0182198    -0.018924   -0.0300659   -0.0192263   -0.0232834   -0.0839881   -0.0823335   -0.0813694   -0.0764694   -0.0346413   -0.0336234   -0.0184807   -0.0243317   -0.0736087   -0.0737552   -0.0861648   -0.0796932   -0.0848405   -0.0783038   -0.0867475   -0.0847708   -0.0808784   -0.0817842   -0.0842612   -0.0827828   -0.0783725     0.115149     0.115064     0.120941     0.119495     0.120834     0.129611     0.118357     0.128751     0.117894     0.128528    0.0343881    0.0434536    0.0354897    0.0439303    0.0351668    0.0399397    0.0333433    0.0413631    0.0391818    0.0393921    0.0299206    0.0286829    0.0367728
  -0.0603659   -0.0896175   -0.0889409   -0.0639046   -0.0654819   -0.0896597   -0.0883734   -0.0891583   -0.0334026   -0.0599528   -0.0660559   -0.0871665   -0.0642411   -0.0579033   -0.0882074     0.117079     0.144523     0.125952     0.153903      1.08207     0.148491     0.111037     0.159198     0.148496     0.112823   -0.0961986    -0.100163   -0.0991208    -0.102179    -0.100499    -0.103108   -0.0716786    -0.077327    -0.102967   -0.0480891    -0.104997   -0.0725364  -0.00274615   -0.0734308   -0.0124507   -0.0612022   -0.0747397    -0.101515   -0.0715384   -0.0143166    -0.016257   -0.0451264   -0.0172377   -0.0140751    0.0114376    0.0141105    -0.046062    0.0132455    -0.014577    -0.100763    -0.100096    -0.073401   -0.0709057   -0.0515099   -0.0495595    0.0113844   -0.0171124   -0.0440956   -0.0436934    -0.101105   -0.0711562     -0.10122   -0.0713995    -0.101718    -0.100046   -0.0730822   -0.0739436      -0.1005   -0.0990076   -0.0729598     0.108119     0.103669     0.132924    0.0970484    0.0995416     0.132901     0.101765     0.163957     0.100171     0.164645      0.01908    0.0757339    0.0394546    0.0818388    0.0196278    0.0483429      0.04138    0.0537238    0.0503981    0.0461171    0.0376105    0.0339597    0.0465066
  -0.0586591   -0.0818418    -0.063187     -0.06522   -0.0821391   -0.0706999   -0.0623706   -0.0712374   -0.0626581   -0.0760089    -0.082464   -0.0740455   -0.0659238   -0.0737782   -0.0710487     0.130841     0.143275     0.145807     0.145966     0.148491      1.06736      0.13994     0.171802     0.155429     0.126164   -0.0798998   -0.0923699   -0.0840675   -0.0957814    -0.085959   -0.0890293   -0.0805257   -0.0922781   -0.0890739   -0.0759159    -0.091421   -0.0697209   -0.0108026   -0.0896451    -0.010023     -0.06885   -0.0703983     -0.08739   -0.0700296   -0.0213528   -0.0104742    -0.019928   -0.0341342   -0.0313941   -0.0254528  -0.00669425   -0.0277114   -0.0266121  -0.00937563   -0.0842564    -0.083858   -0.0727758   -0.0670288   -0.0353762   -0.0355409  -0.00937655   -0.0241289   -0.0845103    -0.072555   -0.0866142   -0.0697876   -0.0855248   -0.0796558   -0.0868003   -0.0867271   -0.0896893   -0.0810836   -0.0756315   -0.0736997   -0.0801969     0.123391     0.116744     0.131152     0.117971     0.111207     0.122997     0.117639     0.145748     0.132573     0.146281    0.0259781    0.0381936    0.0260452    0.0339021    0.0389301    0.0400226    0.0235887     0.045956    0.0490623    0.0320236    0.0341282    0.0302698    0.0314102
  -0.0735774   -0.0578266   -0.0587864   -0.0764261   -0.0831984   -0.0543179   -0.0577792   -0.0581408   -0.0888216    -0.074314    -0.084038   -0.0580873   -0.0770239   -0.0740967   -0.0559643     0.151534     0.135308     0.156877     0.145919     0.111037      0.13994      1.05808     0.168542     0.146529     0.166524   -0.0620253   -0.0677344   -0.0664134   -0.0665135    -0.070455   -0.0723442   -0.0861274   -0.0865438   -0.0721692    -0.103893   -0.0747556    -0.081862   -0.0207721   -0.0878547  -0.00775554   -0.0775058   -0.0842188   -0.0716807   -0.0835206   -0.0300305   -0.0300733   -0.0156403   -0.0320526   -0.0322768   -0.0477457   -0.0466711   -0.0132383   -0.0459073   -0.0274277   -0.0693561   -0.0686785   -0.0873739   -0.0829768   -0.0192245   -0.0172741   -0.0504681   -0.0316362    -0.099774     -0.10266   -0.0669133   -0.0864651   -0.0656681   -0.0832638   -0.0693655   -0.0668517   -0.0869373   -0.0881613   -0.0707013   -0.0672994   -0.0853602     0.135681     0.136193     0.118107      0.13417     0.138149     0.124239     0.141141     0.100944     0.140115    0.0978983    0.0555755    0.0179862    0.0283397    0.0187076    0.0532415    0.0428404    0.0239692    0.0333109    0.0342054    0.0387762    0.0317825    0.0262408    0.0364593
  -0.0654423    -0.072335   -0.0740745   -0.0764031   -0.0725618   -0.0758125   -0.0741131   -0.0752031   -0.0592342   -0.0683466   -0.0731391   -0.0753225   -0.0764523   -0.0664143   -0.0728518     0.134517     0.142775     0.134074     0.145944     0.159198     0.171802     0.168542      1.04679     0.145463     0.132004   -0.0814415   -0.0844513   -0.0847239   -0.0851962   -0.0878064   -0.0878604   -0.0814876   -0.0820491   -0.0915566   -0.0776621   -0.0894874   -0.0842693    -0.011451   -0.0767626  -0.00967543   -0.0702952   -0.0799189   -0.0865882   -0.0769428   -0.0229086   -0.0221805   -0.0318049   -0.0251759   -0.0214918   -0.0147182   -0.0155648   -0.0285056   -0.0174005   -0.0229218   -0.0868774   -0.0824027    -0.082387   -0.0778645   -0.0335941   -0.0345947   -0.0179023   -0.0239384   -0.0733947   -0.0740242   -0.0875786   -0.0786308   -0.0858193   -0.0810653     -0.08354   -0.0878309   -0.0812812    -0.079877   -0.0868505   -0.0857725   -0.0810078     0.124265     0.118183     0.129366     0.123352     0.124223      0.12781     0.120993     0.136406     0.119792     0.135112    0.0342162    0.0427869    0.0342248    0.0501131    0.0339266    0.0430563    0.0311389    0.0452496     0.038291    0.0421991    0.0332813    0.0277222    0.0417673
  -0.0585491   -0.0837273   -0.0658614    -0.061662   -0.0836047   -0.0695496   -0.0629968   -0.0745061    -0.061503   -0.0759193   -0.0834749   -0.0722042   -0.0629327   -0.0756835   -0.0704593     0.126037     0.153317     0.140633     0.141397     0.148496     0.155429     0.146529     0.145463      1.05388     0.123924   -0.0803615   -0.0939495   -0.0808087   -0.0941675    -0.086411   -0.0884425   -0.0807383    -0.089097   -0.0904905   -0.0752751   -0.0906664    -0.067371    -0.011871   -0.0890689   -0.0100812   -0.0690181   -0.0691617   -0.0858901   -0.0671798   -0.0221853   -0.0114904   -0.0196787   -0.0359864   -0.0335772   -0.0261597  -0.00971128   -0.0314132   -0.0258668   -0.0130311   -0.0860307   -0.0854914   -0.0727716   -0.0663809   -0.0347759   -0.0341362  -0.00984727    -0.023729   -0.0796773   -0.0736342   -0.0848299   -0.0699242   -0.0812003   -0.0764354   -0.0847336   -0.0869222   -0.0894289   -0.0801561   -0.0773415   -0.0748168   -0.0777507     0.120596     0.123319     0.130293     0.119197     0.108151     0.117702     0.119983     0.147173     0.138005     0.149437    0.0273793    0.0351666    0.0247839    0.0373519    0.0339329     0.044966    0.0237347    0.0416013    0.0553597    0.0349884    0.0385455    0.0292134    0.0363602
   -0.079559   -0.0446803   -0.0655955   -0.0894087   -0.0704659   -0.0589184   -0.0660979   -0.0586338   -0.0895871   -0.0667839   -0.0719035   -0.0588002   -0.0892384    -0.063917    -0.055466      0.17037      0.12953     0.165111     0.196455     0.112823     0.126164     0.166524     0.132004     0.123924       1.0622   -0.0637041   -0.0588879   -0.0689088    -0.055467   -0.0702559   -0.0704644   -0.0865987   -0.0787861   -0.0726629    -0.104722   -0.0719194   -0.0964414   -0.0216899   -0.0753116  -0.00772253   -0.0784874   -0.0967709   -0.0721794   -0.0939142   -0.0279989   -0.0424029   -0.0215163    -0.020221   -0.0179503    -0.035558   -0.0545635   -0.0116676   -0.0367999   -0.0386543   -0.0689564   -0.0659149   -0.0968683   -0.0930311   -0.0145284   -0.0178242   -0.0554288    -0.030353   -0.0905512    -0.102042    -0.071721    -0.093183   -0.0713738   -0.0858322   -0.0660198   -0.0704231   -0.0782982   -0.0854045   -0.0801753   -0.0783524   -0.0854627     0.138916     0.135787     0.120571     0.134593     0.149622     0.132673     0.134344    0.0801951      0.12265    0.0856582    0.0648477    0.0219449    0.0374553    0.0272542    0.0511421     0.036846    0.0388977    0.0387699    0.0185792     0.048924    0.0257438    0.0223864    0.0507494
  -0.0888978   -0.0763298   -0.0715379   -0.0942158   -0.0990339   -0.0713358   -0.0709794   -0.0720046    -0.106211   -0.0909389   -0.0997939   -0.0742227   -0.0948285   -0.0891972   -0.0720781   -0.0613678   -0.0795004    -0.063048   -0.0795155   -0.0961986   -0.0798998   -0.0620253   -0.0814415   -0.0803615   -0.0637041      1.03859     0.117896     0.115611     0.156135     0.158626    0.0995952    0.0731695    0.0782959     0.103072     0.063407     0.105666    0.0717428   -0.0343333     0.104488    0.0148795     0.113634    0.0996075     0.119088     0.094087   -0.0478184   -0.0466147    -0.029292   -0.0478433   -0.0498715   -0.0655701    -0.066863   -0.0296894   -0.0647498   -0.0449494     0.120785     0.152745    0.0832542     0.125536    -0.029851   -0.0298927    -0.065008    -0.048402    0.0770263    0.0793902     0.121077    0.0998807     0.123475     0.102244     0.117477     0.124589     0.100733     0.102371     0.123303     0.121425     0.138958   -0.0674246   -0.0666102   -0.0834947   -0.0675495   -0.0684368   -0.0842799   -0.0676038     -0.10025   -0.0683796    -0.101818   -0.0487254   -0.0849901   -0.0726674   -0.0827657   -0.0508404   -0.0667273   -0.0728526   -0.0675961   -0.0692104   -0.0686677     -0.07005   -0.0745719   -0.0676511
   -0.104498   -0.0733564   -0.0874121    -0.109495    -0.092695   -0.0787246   -0.0868951   -0.0798323    -0.111562   -0.0880486   -0.0946765   -0.0787478    -0.109769   -0.0852547    -0.077504   -0.0593013   -0.0826088   -0.0695003   -0.0833597    -0.100163   -0.0923699   -0.0677344   -0.0844513   -0.0939495   -0.0588879     0.117896      1.01396     0.147347     0.131237     0.112185     0.113757    0.0905111     0.106087     0.122339    0.0839516     0.120354    0.0767129   -0.0390954     0.123745    0.0165638    0.0947197    0.0968643     0.127184     0.103884   -0.0498594    -0.058855   -0.0443185   -0.0424905   -0.0434482   -0.0579673   -0.0775365   -0.0375199   -0.0576403   -0.0592871     0.129909     0.112959    0.0856088    0.0865086   -0.0344034   -0.0360539   -0.0787813   -0.0512178     0.103019    0.0908153     0.132486    0.0972209     0.128321     0.107853     0.128525      0.13374     0.122142     0.113253     0.117764      0.11734     0.097172   -0.0719153   -0.0731366   -0.0886797   -0.0724163   -0.0646435   -0.0795628   -0.0712976     -0.11141   -0.0836546    -0.114902   -0.0437736   -0.0802928   -0.0663464   -0.0754398   -0.0567645   -0.0696575   -0.0679746   -0.0710119    -0.085011   -0.0624571   -0.0773302   -0.0810546    -0.060549
  -0.0938189   -0.0801897   -0.0773122   -0.0978083    -0.100833   -0.0764979   -0.0764356   -0.0785254    -0.109914   -0.0950284    -0.102343    -0.076504   -0.0986228   -0.0930411   -0.0749826   -0.0672379   -0.0823618   -0.0670325   -0.0852198   -0.0991208   -0.0840675   -0.0664134   -0.0847239   -0.0808087   -0.0689088     0.115611     0.147347      1.00615     0.114791     0.110821      0.10785    0.0844226    0.0955935     0.116596    0.0802046     0.113062    0.0898987   -0.0379454     0.109781    0.0170748    0.0932614     0.109188     0.128347     0.114666   -0.0491834   -0.0507239   -0.0346276   -0.0521456   -0.0529643   -0.0674115   -0.0682112   -0.0351357    -0.068396   -0.0502471     0.128201     0.114805    0.0986492    0.0915798    -0.036471   -0.0365302   -0.0703502   -0.0513112    0.0944417    0.0918863     0.130756     0.111933     0.129003      0.11019      0.12626     0.128166      0.11015     0.108041     0.128435     0.129438    0.0959232   -0.0728071   -0.0721463   -0.0884562   -0.0724207   -0.0754424   -0.0895511    -0.070996     -0.10231   -0.0727875    -0.103849    -0.050452   -0.0873497   -0.0740063   -0.0841591   -0.0555036   -0.0675406   -0.0769318    -0.070247   -0.0695554   -0.0683594   -0.0739996    -0.078693   -0.0654004
   -0.102783   -0.0675277   -0.0871551    -0.103534   -0.0912311   -0.0766493   -0.0882329   -0.0800948    -0.109117   -0.0879762   -0.0927244   -0.0803143    -0.103879   -0.0837031   -0.0758834   -0.0560529   -0.0835697   -0.0664186   -0.0835389    -0.102179   -0.0957814   -0.0665135   -0.0851962   -0.0941675    -0.055467     0.156135     0.131237     0.114791      1.07787      0.30319    0.0920985    0.0626205    0.0943967    0.0954047      0.06071    0.0949119    0.0555572   -0.0375367     0.111809    0.0159661     0.117023    0.0852305     0.114149    0.0811002   -0.0503155   -0.0630176   -0.0459794   -0.0404921   -0.0401656   -0.0568151   -0.0792304   -0.0340373   -0.0571485   -0.0617823     0.117029     0.156871    0.0643943     0.113967   -0.0335552   -0.0346229   -0.0768216   -0.0529712    0.0933258    0.0812078      0.12218    0.0882974     0.118458     0.102339     0.122117     0.122829     0.114014       0.1035     0.104095     0.102379     0.235684    -0.073836   -0.0732677   -0.0873765   -0.0712726   -0.0618743   -0.0789638   -0.0738559    -0.112856   -0.0819033    -0.115425   -0.0433447   -0.0801325   -0.0628924   -0.0769728   -0.0593826   -0.0689934   -0.0667126   -0.0693982   -0.0858769   -0.0585281   -0.0779572   -0.0791691   -0.0553916
  -0.0957764   -0.0810024   -0.0789208    -0.098773    -0.103246    -0.080089   -0.0798885   -0.0788857    -0.109957    -0.096857    -0.103992   -0.0815208    -0.099482   -0.0966679   -0.0769012    -0.069574   -0.0842727    -0.071098   -0.0850474    -0.100499    -0.085959    -0.070455   -0.0878064    -0.086411   -0.0702559     0.158626     0.112185     0.110821      0.30319      1.03976    0.0985153    0.0745112    0.0798035     0.100887    0.0664417    0.0995275    0.0727497   -0.0399065    0.0955251    0.0163824     0.121805    0.0969964     0.116743    0.0919556    -0.053636   -0.0534291   -0.0365164   -0.0530886   -0.0534285   -0.0691798   -0.0709007   -0.0363892   -0.0677418   -0.0514442     0.118339     0.161228    0.0814026     0.133854   -0.0362972   -0.0371065   -0.0680762   -0.0516517    0.0744844    0.0826677     0.117303    0.0973064     0.118022     0.103367     0.113767     0.122808    0.0993528      0.10244     0.121925     0.115339     0.274924   -0.0759566   -0.0727464   -0.0888366   -0.0765689   -0.0757597   -0.0904355   -0.0755583     -0.10508   -0.0755647    -0.107335   -0.0559462   -0.0912579   -0.0776561   -0.0873699   -0.0592656   -0.0763617   -0.0813905   -0.0734841   -0.0766211   -0.0734129   -0.0785334   -0.0828993    -0.075094
   -0.096788    -0.080776   -0.0817198    -0.103656    -0.105937   -0.0835817   -0.0804694    -0.082139    -0.112724     -0.10027    -0.106659   -0.0842199    -0.104197   -0.0974242   -0.0794356   -0.0718188   -0.0898799   -0.0744699   -0.0886958    -0.103108   -0.0890293   -0.0723442   -0.0878604   -0.0884425   -0.0704644    0.0995952     0.113757      0.10785    0.0920985    0.0985153       1.0288     0.183628     0.190818     0.181749     0.139941     0.189057      0.19553   -0.0440477    0.0992412    0.0156812    0.0784412    0.0965317     0.110843    0.0913348   -0.0556707   -0.0490586   -0.0392243   -0.0553799   -0.0533347   -0.0698272   -0.0686975   -0.0387105   -0.0691087    -0.049381     0.116076      0.10211     0.174716    0.0839793   -0.0351742   -0.0363592   -0.0675376   -0.0544105     0.078226    0.0784982     0.118647    0.0988359     0.116061     0.095079     0.118936     0.117972    0.0971733    0.0990403     0.118929     0.114739    0.0769922   -0.0761416   -0.0784291   -0.0906092   -0.0762524   -0.0760612   -0.0929931   -0.0771032    -0.105717   -0.0752585    -0.106274   -0.0604515   -0.0958927   -0.0800696    -0.092508   -0.0593315   -0.0766582   -0.0814823   -0.0733204   -0.0792908   -0.0739116   -0.0814907   -0.0845623   -0.0734552
